n0_perception n2_puzzle_help n2_puzzle_levels_lost n2_puzzle_levels_won n2_puzzle_max_level n2_puzzle_mean_time_played n2_puzzle_movs n2_puzzle_timeout n2_memory_levels_lost n2_memory_levels_won n2_memory_max_level n2_memory_mean_time_played n2_memory_time_played n2_memory_timeout n2_memory_turns_played n2_concrete_levels_won n2_concrete_mean_time_played n2_concrete_time_played n2_concrete_timeout n2_concrete_turns_played n2_abstract_levels_won n2_abstract_max_level n2_abstract_mean_time_played n2_abstract_timeout n2_abstract_turns_played 
     -11       *       7       1       1   55808      24       *       0      11       7    5922  392459       *      60      16   13727 -165009       *      25      27      10   18368       *      33
     -11       *       2      13       9   89864     197       *       4       5       2    6021   54194       *       9      38   17364 -206360       *      12      42      15   13313       *      45
      -9       *       1       6       6   82258      68       *      14      35       4   18072  202114       *     -21       0    8892  739916       *       8       3       3   34959       *       5
      -9       *       4       2       1   53548      56       *       3      11       5    9015  126219       *      14      46   12901  683804       *      53      27       7   45649       *      40
      -9       *       0       6       1  460366     145       *       3       4       2    6951   48662       *       7      10   30432  334756       *      11      24      15   13300       *      26
      -9       *       1       1       1   60973      46       *      -4      14      11   27861  130858       *      27      31   24189  426636       *      -6      17       7   15560       *      21
      -7       *       2       2       1   51529     138       *       1      56       3   41191   41191       *       1      26   21573  582485       *      27      36      13   19649       *      40
      -7       *       3      13      10  179449     231       *      -8       6       0   29876  -55438       *       5       7   30223  656380       *       0      59      12   33089       *       1
      -7      23       1      13      11  614326     210       *       2      20      10   11097  244150       *      22      39   19104  859682       *      45      81      15   32171       *      60
      -7       3       3      41       9  623593     631       *       3       4       3    6697   46883       *       7       5   15637   78188       *       5      33      14   25214       *      53
      -7       *       3       1       1   59823     110       *     -12      27       2   14086  290078       *      56       9   17608  625237       *      38      18       4   58635       *       2
      -7       *       2       2       1   34802      50       *       9      38       7   10702  503000       *      47      24   17248  413967       *      24      63      15   14423       *      74
      -7       *       7      11       9   78472     227       *       2      25      20   13114  354099       *      27      20   19442  388857       *      20       6       6   20151       *       8
      -5       *       0      17      11  348777     309       *      11      23       5    7787  264761       *      34      18    7054  148152       *      21      88      15   11221       *     100
      -5       *       5       2       1   33738     128       *      32      93       5    7984  998004       *     125      36   27047 1190092       *      44      30      15   22826       *      36
      -5       *       3     -10       7  126283     300       *       0      12      10   17417  515329       *      -4       8   30618  493743       *      38      17       9   20218       *      25
      -5       *       8      12       9   69124     242       *       5      21       7     703  197000       *     -14      22   21944  504725       *      23       9      12   71101       1       3
      -5       *       1       9       9  498371     123       *       7      11       3    6181  111272       *      18      10    8415   84158       *      10      42       7   32414       *       3
      -5       *       4       5       8  173421     410       *      14     -38       4   33784  510208       *     121      22   23815  -31103       *      41      33       8   31184       *       1
      -5       *       1       6       3   45603     124       *      14      22      15   10190  262566       *      38      12   10693  128322       *      12      26       9   17896       1      37
      -3       7       4      21      11  212962     417       3       5      15       5    9712  194240       *      20      29    6614  211676       2      32      15      15   25285       *      17
      -3       5       3       7       5   88141     291       3      11      35       5    7701  354272       *      46      39   10967 1477331       1      49      -8      12  156214       *      25
      -1       4       9       3       1   38637     230       2       5      17       8    7856  172853       *      22      34   19823  713636       1      36      61      22  708979       *     143
      -1       3      16       9       8  212433     116       *       0       2       1   25052  326784       *      16      50    1091  379182       2      14      60      20 -151901       *     -93
      -1       3      15      69       9   62406    1672       *       6      27      12    8342  275287       *      33      17   18586  334563       3      18     176      25   14606       *     236
      -1       1       2      22      11  109592     474       *       5      18      10   26000  142535       *       9      35   23897  955913       1      40      53      25   11365       *      57
      -1       2       2       1       1   30273     192       *       1      17      11  103965  103965       *       1       6   39614  237684       2       6      77      25    8817       *      83
       1       0      22       9       9  772744     117       *       5      12       4    7416  126088       *      17      21   23036  289900       1      34      41       9   54427       *      52
       1       6       7       4       1   31053     135       *       4      15       6    8624  163870       *      19      31   17135 1369210       1      66      69       5   14853       *       1
       1       6       3       7       5   52976     188       *       1       8       8    7520   67688       *       9      15   18214  291436       0      16      91      24  354818       1     143
       1       2       6      12       1   41273     951       *       8      19       5    8100  218705       *      27      33   19676  708347       2      36      98      15   10675       *     108
       1       1       6      10       9  114791     175       *       1       8       8    8555   77003       *       9       5   30298  151491       2       5      49      14   17882       *       2
       1       7      22       8       4  366808     729       *      12      25       4   10467  387283       *      37      47   34598 1764542       3      51      12       6   30409       2      19
       3       0      15       4       2   37006     237       1       2      12       7   10296  144149       *      14      47    8332  449967       1      54      95      26   24493       *     204
       3       4       8      32       7  203113     -14       *       2       9       4   18246  121970       *      16      30   15333 1069105       0      15      34      25    7505       *      35
       3       2      16      15       9   68765     519       *       4      12       5    6815  109041       *      16      37   22679  861807       1      38      62      25   16947       *      76
       3       6       9      14       8  303458     279       *       5      25      16   11944  358347       *      30      22   24233  581602       1      24      73      15   20034       *      89
       3       2      27       1       1   45436      69       *       2       5       4    8917   62420       *       7      23   23878  573080       0      24       9       9   23556       *      10
       3      11      39      15       1   21211     510       *       9      26      11    8671  303505       *      35      51   13251  768574       1      58      25      30   30365       *       3
       3       6      19      11       5  281463     119       *       4      11       6    1894  166171       *       5      48   21180  499066       1      24     -11      18 -282839       *      82
       3       2       5      12       9  133649     211       *       2       6       4    9800   78401       *       8      21   12804  294505       1      23       9       6   17362       1      13
       3       2       7      11       9  112080     223       *       4      10       4   10004  140060       *      14      20   21057  421143       1      20      27       6   14302       *      36
       3       1      22      10       8  106317     358       *       5      10       4    7451  111766       *      15      32   20060 1048117       1      37       7       6   15143       *       9
       3       2       2       9       9  112113     142       *       1       6       7    9661   67631       *       7      -4    6703   67312       2      43      52       0  273183       *      76
       3       6      -3       4       3   53852      52       *       2       7       5    9582   86241       *       9      31    9610  317159       1      33      18       9   23428       1      32
       5       *       0       5       5   41718      65       *       4       9       3    7215   93807       *      13       9   16705  295270       *      20      24       8 -236042       *      74
       5       *      10       2       1   12638      97       *       1       1       1    4884    9768       *       2      18   24342  462510       1      19       9      15  599156       *     -38
       5       *       1       4       1   42923      88       *       2       1       2    6776   75961       *       1      17   21001  253343       *       9      27      30   30988       *       1
       5       *       1       0       0   56225     103       *       2       3       2    6161   30805       *       5      13   18479  159277       *       7       1       1   44194       1       2
       5       *       2      -1       0   78385      73       1       4       6       3    7294   72940       *      10      13   15785  394080       *      19      15      15   17509       *      18
       5       *       1       8       3   10305       0       *       1       1       2    6023   56905       *      10       8   28098  160103       *      13      25      12   53618       *       1
       5       *       6       2       2   60977      15       *       2       3       1    6740   55639       *       5      10    9608  134524       *      14       4       4   23634       *       6
       5       *       1      -1      -2   36281      12       *       2       2       1    5402   21609       *       4      20   26966   60696       *      17      19      14   88401       *      34
       5       *       2       4       2   32162      36       *       2       4       2    7883   47302       *       6      21   18127  194568       *       9       3       3   12974       *       5
       5       *       3       2       1   52785     109       *       4       7       2    6310   69411       *      11      15   25665  314932       *      19      32      15   16337       *      36
       5       *       9       6       1   65528      25       *       3       9       2    4980   52006       *       4      10   28419  179255       *      15      12       4   17374       *       1
       5       *       0       5       7   26399     175       *       1       6       3    4841   33888       *       7       9   17207  -23543       *       7       6       2    6263       *      17
       7       *       3      11       9   82300     233       1       1       2       2    6721  -17077       *       1      11   32362  355988       *      11      48      29 1219868       *     124
       7       *       6       3       1   22732      60       *       2       2       2    7245   28981       *       4      11   27286  327438       *      12      33       5  282228       *      -7
       7       *       9       2       1   30737     115       *       3       7       2    7199   67406       *       4      18   13930  278618       *      20      14      13   19945       *      20
       7       *      10       1       1   23110      53       *       0       5       1    4744   23720       *      11      17   10414  177040       *      17      16      12   11616       *      21
       7       *       1       1       1   45394      22       *       2       7       1    5623   -7759       *       5       5   12066  526735       *      20      16       7   14015       *      20
       9       *       1       7       2   72652      91       *       1       2       2    5473    3649       *       0       7    9884  332450       *      12       3       3   12812       *       5
       9       *       3       1       1   62938     199       *       3       5       2    6574   18295       *       8      13   13845   29496       *      13      18       6   21286       *      24
       9       *       6       6       5   33318     112       *       2       4       3    6628   39772       *       6      15   21461  407761       *      19      30      18 1234551       *      61
       9       *       8       1       1   47112     108       *       3       7       2    7078   25301       *       6      13   23443  389514       *      20      22      17   23406       *       2
       9       *       5       2       1   24689      21       *       1       4       1    6782    7579       *       6       3   32575   97726       *       3       4       4   11162       *       7
      11       *       6       4       0    6051     -17       *       1       3       1    4927   45774       *       6       8   13301  120503       *      11      -2      17   56958       *       3
