n0_perception n2_puzzle_help n2_puzzle_levels_lost n2_puzzle_levels_won n2_puzzle_max_level n2_puzzle_mean_time_played n2_puzzle_movs n2_puzzle_timeout n2_memory_levels_lost n2_memory_levels_won n2_memory_max_level n2_memory_mean_time_played n2_memory_time_played n2_memory_timeout n2_memory_turns_played n2_concrete_levels_won n2_concrete_mean_time_played n2_concrete_time_played n2_concrete_timeout n2_concrete_turns_played n2_abstract_levels_won n2_abstract_max_level n2_abstract_mean_time_played n2_abstract_timeout n2_abstract_turns_played 
     -11       *       2      13       9   89864     197       *       4       5       2    6021   54194       *       9      31   10972 1030488       *      39      42      15   13313       *      45
     -11       *       2       1       1   55808      24       *       8      20       4   27167  144271       *      27      26   17940  383096       *      28      27      10   18368       *      33
      -9       *       4       2       1   53548     365       *       3      11       5    9015  126219       *      14      46   12901  683804       *      53      27       7   45649       *      40
      -9       *       7      11       7  403492     164       *       3       4       2    6951   48662       *       7      10   30432  334756       *      11      24      15   13300       *      26
      -9       *       1       1       1   60973      46       *       0      31       4   11308  136854       *     -54      25   -2812  323277       *      31      17       7   15560       *      21
      -9       *       3       6       6   82258      68       *      15      23      12   15130  569952       *      41      17    8133  617693       *      17       3       3   34959       *       5
      -7       *       7      11       9   78472     227       *       2      25      20   13114  354099       *      27      20   19442  388857       *      20       6       6   20151       *       8
      -7       *       2       2       1   51529     409       *       1      23      15   41191   41191       *       1      26   21573  582485       *      27      36      13   19649       *      40
      -7       *       1      -2       9  138822      73       *       3      26       9    8967 -141589       *      82      36   11521  665813       *      27      31      19   33089       *       1
      -7      23       1      13      11  614326     210       *       2      20      10   11097  244150       *      22      39   19104  859682       *      45      32       7   -5430       *      72
      -7       3       3      41       9  623593     631       *       3       4       3    6697   46883       *       7       5   15637   78188       *       5      33      14   25214       *      53
      -7       *       3       1       1   59823     110       *      12      21       5   18304  134646       *      -9       6   16401  -51536       *      24      11       6   58635       *       2
      -7       *       2       2       1   34802     -19       *       9      38       7   10702  503000       *      47      24   17248  413967       *      24      63      15   14423       *      74
      -5       *       7       6       9  558341     -15       *       0      58       8    5150  471007       *      59      16   29915  538784       *      33      26      11   31184       *       1
      -5       *       1       6       3   45603     124       *      -3      39       6   14636  355116       *      28      12   10693  128322       *      12      26       9   17896       1      37
      -5       *       0       8       3  -24610     -46       *      11      23       5    7787  264761       *      34      18    7054  148152       *      21      88      15   11221       *     100
      -5       *       5       2       1   33738     311       *      32      93       5    7984  998004       *     125      36   27047 1190092       *      44      30      15   22826       *      36
      -5       *       5      14       2  221391     253       *      17      33      15   17867  376572       *      44       0   17827  532004       *      -7      17       9   20218       *      25
      -5       *       8      12       9   69124     242       *       5       0      11   29254  -52260       *      24      22   21944  504725       *      23      27       5   71101       1       3
      -5       *       1       9       9  498371     123       *       7      11       3    6181  111272       *      18      10    8415   84158       *      10      46       7   32414       *       3
      -3       7       4      21      11  212962     417       3       5      15       5    9712  194240       *      20      29    6614  211676       2      32      15      15   25285       *      17
      -3       2       3       7       5   88141     291       3      11      35       5    7701  354272       *      46      38   13895  495679       0      37     116      14  216000       *     134
      -1       2       2       1       1   30273     374       *       1      11       8  103965  103965       *       1       6   39614  237684       2       6      77      25    8817       *      83
      -1       5       9       3       1   38637     230       2       5      17       8    7856  172853       *      22      34   19823  713636       1      36      61      22  708979       *     143
      -1       4      -7       9       8  212433     116       *       7      16       5   28395  174762       *      28      13   20971   81133       2      45      25      28  197251       *     132
      -1       3      15      69       9   62406    1672       *       6      27      12    8342  275287       *      33      17   18586  334563       2      18     176      25   14606       *     236
      -1       1       2      22      11  109592     474       *       7      17       0   31073  200858       *       9      35   23897  955913       1      40      53      25   11365       *      57
       1       6       6      12       1   41273    -308       *       8      19       5    8100  218705       *      27      33   19676  708347       1      36      98      15   10675       *     108
       1       1       6      10       9  114791     175       *       1       8       8    8555   77003       *       9       5   30298  151491       1       5      48       6   17882       *       2
       1      10       9       5      -4  111270    -209       *      12      25       4   10467  387283       *      37      47   34598 1764542       3      51      12       6   30409       2      19
       1      10      -4       9       9  772744     117       *       5      12       4    7416  126088       *      17      36    2798 1015361       0      30     -15      13   82692       *      52
       1       2       7       4       1   31053     135       *       4      15       6    8624  163870       *      19      34   16575  743286       1       4      91      21   14853       *       1
       1       5       3       7       5   52976     188       *       1       8       8    7520   67688       *       9      15   18214  291436       1      16      91      24  354818       1     143
       3       1      13       8       1  154915    -182       *       5      10       4    7451  111766       *      15      41   26062 1133522       0      44       7       6   15143       *       9
       3       2       2       9       9  112113     142       *       1       6       7    9661   67631       *       7      45   24074  416166       0      36      35      10   14017       *     -77
       3       2      16       4       3   53852      52       *       2       7       5    9582   86241       *       9      31    9610  317159       3      33      18       9   23428       1      32
       3      14      15       4       2   37006     237       1       2      12       7   10296  144149       *      14      47    8332  449967       1      54      95      26   24493       *     204
       3       3      -1      10       3   32633     584       *      10      19       8   55079  147666       *      12      32   39988  729313       1      30      34      25    7505       *      35
       3       1      16      15       9   68765     519       *       4      12       5    6815  109041       *      16      37   22679  861807       1      38      62      25   16947       *      76
       3       0       9      14       8  303458     279       *       5      25      16   11944  358347       *      30      22   24233  581602       1      24      73      15   20034       *      89
       3       0      16       1       1   45436     144       *       2       5       4    8917   62420       *       7      23   23878  573080       2      24       9       9   23556       *      10
       3      11      39      15       1   21211     510       *       9      26      11    8671  303505       *      35      51   13251  768574       1      58      65      21   30365       *       3
       3       4      13      11       5  281463     119       *       6      17       6   20513  145895       *      26      30   33661  757951       1      26      49       3  135171       *     -14
       3       4       5      12       9  133649     211       *       2       6       4    9800   78401       *       8      21   12804  294505       1      23       9       6   17362       1      13
       3       5       7      11       9  112080     223       *       4      10       4   10004  140060       *      14      20   21057  421143       0      20      27       6   14302       *      36
       5       *       3       2       2   60977      15       *       1       4       2    8315    4834       *       7      10    9608  134524       *      14       4       4   23634       *       6
       5       *       1       0       0   36281      12       *       2       2       1    5402   21609       *       4      22   23231  298018       *      16      46      -2  575209       *      32
       5       *       2       0       1   32162      36       *       2       4       2    7883   47302       *       6       7   28298  385882       *      13       3       3   12974       *       5
       5       *       3       2       1   52785     183       *       4       7       2    6310   69411       *      11      14   15355  225656       *      14      32      15   16337       *      36
       5       *       5       5       2   39846       9       *       1       4       1    7067   59872       *       1       3   20522  426146       *      11       5      10   17374       *       1
       5       *       0       1       3   34435      49       *       1       6       3    4841   33888       *       7       3   14003  267796       *      21      18      17  207722       *      19
       5       *       1       5       5   41718      65       *       4       9       3    7215   93807       *      13      11   15357  165559       *      15      21       6  578337       *      69
       5       *      10       2       1   12638      97       *       1       1       1    4884    9768       *       2      18   24342  462510       1      19       7      18  192410       *     -36
       5       *       5       5       6   37662      23       *      -1       2       1    7296   62816       *       4      18   12908   70489       *       6       7       2   30988       *       1
       5       *       5       0       3   53791     110       *       2       3       2    6161   30805       *       5       9   38735  423671       *      17       1       1   44194       1       2
       5       *       2       0       2   78385      73       1       4       6       3    7294   72940       *      10       0   15916  127513       *       8      15      15   17509       *      18
       5       *       5       0      -2   55587      30       *       3      10       1    7334   24966       *      -1       9   10428  321630       *       5       8      -3   53618       *       1
       7       *      -1       1       1   45394      22       *       3       2       2    6546   93790       *       3      16   28086  281784       *      28      16       7   14015       *      20
       7       *       3      11       9   82300     233       1       4       3       1    5711   37685       *       0      11   32362  355988       *      11      48      29 1219868       *     124
       7       *       4       5       6   57217      66       *       2       2       2    7245   28981       *       4      11   27286  327438       *      12      10      28 -281349       *      11
       7       *       9       2       1   30737     -91       *       2      -1       3    5683  109916       *       4      18   13930  278618       *      20      14      13   19945       *      20
       7       *       8       1       1   23110      64       *       2       1       2    5589   17463       *       5      17   10414  177040       *      17      16      12   11616       *      21
       9       *       4       2       1   24689      21       *       3       4       0    7341   47086       *       7       3   32575   97726       *       3       4       4   11162       *       7
       9       *       5       6       1   35477      85       *       1       4       2    6032   74333       *       3      15    7915  190028       *       2       3       3   12812       *       5
       9       *       3       1       1   62938      42       *       1       6       2    7621   40706       *       7       9   13348  324710       *      14      18       6   21286       *      24
       9       *       6       6       5   33318     112       *       2       4       3    6628   39772       *       6      15   21461  407761       *      19      30      18 1234551       *      61
       9       *      11       1       1   47112     122       *       2       0       2    6061  -14589       *      11      11   37737  397490       *      24       4       7   23406       *       2
      11       *       2      -3       4   54026      60       *       2       6       2    7835    3816       *       5      14   29592  189057       *      11       8      24   56958       *       3
